22 18
-1 37 37 37 27 37 37 27 37 37 30 30 37 37 27 37 37 27  37 37 37 -1
36 38 38 38 28 38 38 28 38 38 33 31 38 38 28 38 38 28  38 38 38 35 
36 43 43 43 29 43 43 29 43 43 34 32 43 43 29 43 43 29  43 10 43 35
36 43 43 43 43 43 43 43 43 43 43 43 43 43 43 43 43 43  43 43 43 35
36 43 43 11 43 43 43 43 43 43 43 43 43 43 43 43 43 43  43 43 43 35
36 43 43 43 43 43 43 43 43 43 43 43 43 43 43 43 23 24  43 43 43 35
36 43 43 43 43 43 43 43 43 43 43 43 43 43 43 43 43 43  43 43 43 35
36 43 43 43 43 43 43 43 43 43 43 43 43 43 43 43 43 43  43 43 43 35
36 43 43 77 78 79 43 43 43 43 43 43 43 43 43 43 43 43  43 43 43 35
36 43 43 43 43 43 43 43 43 43 43 43 43 43 43 43 43 43  43 43 43 35
36 43 43 43 43 43 43 43 43 43 43 43 43 43 43 43 43 43  43 43 43 35
36 43 43 26 25 25 26 43 43 43 43 43 43 43 43 43 43 43  43 43 43 35
36 43 43 25 43 43 25 43 43 43 43 43 43 43 43 43 43 43  43 43 43 35
36 43 43 25 22 22 25 43 43 43 43 43 43 43 43 43 43 43  43 43 43 35
36 43 43 26 25 25 26 43 43 43 43 43 43 43 43 43 43 43  43 43 43 35
36 43 43 43 43 43 43 43 43 43 43 43 43 43 43 43 43 43 105 43 43 35
36 43 43 43 43 43 43 43 43  0  1  2  3 43 43 43 43 43  43 43 43 35
36 38 38 38 38 38 38 38 38  4  5  6  7 38 38 38 38 38  38 38 38 35